2017-03-24,1163.0302000000001,1161.7661,1163.0302000000001,1161.7661,-0.1087
2017-03-27,1152.9169000000002,1155.4453,1152.9169000000002,1155.4453,-0.5441
2017-03-28,1157.9736,1152.9169000000002,1157.9736,1152.9169000000002,-0.21880000000000002
2017-03-29,1154.1811,1151.6528,1154.1811,1151.6528,-0.1096
2017-03-30,1152.9169000000002,1147.8603,1152.9169000000002,1147.8603,-0.32930000000000004
2017-03-31,1147.8603,1159.2377000000001,1147.8603,1159.2377000000001,0.9912000000000001
2017-04-05,1157.9736,1164.2944,1157.9736,1164.2944,0.43620000000000003
2017-04-06,1163.0302000000001,1163.0302000000001,1163.0302000000001,1163.0302000000001,-0.1086
2017-04-07,1161.7661,1163.0302000000001,1161.7661,1163.0302000000001,0.0
2017-04-10,1163.0302000000001,1160.5019,1163.0302000000001,1160.5019,-0.2174
2017-04-11,1159.2377000000001,1156.7094,1159.2377000000001,1156.7094,-0.32680000000000003
2017-04-12,1157.9736,1152.9169000000002,1157.9736,1152.9169000000002,-0.3279
2017-04-13,1151.6528,1152.9169000000002,1151.6528,1152.9169000000002,0.0
2017-04-14,1151.6528,1147.8603,1151.6528,1147.8603,-0.43860000000000005
2017-04-17,1147.8603,1150.3886,1147.8603,1150.3886,0.22030000000000002
2017-04-18,1149.1244000000002,1144.0678,1149.1244000000002,1144.0678,-0.5495
2017-04-19,1141.5395,1126.3695,1141.5395,1126.3695,-1.5470000000000002
2017-04-20,1125.1053,1127.6337,1125.1053,1127.6337,0.11220000000000001
2017-04-21,1127.6337,1133.9545,1127.6337,1133.9545,0.5605
2017-04-24,1133.9545,1128.8978,1133.9545,1128.8978,-0.4459
2017-04-25,1128.8978,1137.747,1128.8978,1137.747,0.7839
2017-04-26,1137.747,1136.4828,1137.747,1136.4828,-0.1111
2017-04-27,1133.9545,1133.9545,1133.9545,1133.9545,-0.2225
2017-04-28,1132.6903,1136.4828,1132.6903,1136.4828,0.223
2017-05-02,1132.6903,1130.162,1132.6903,1130.162,-0.5562
2017-05-03,1127.6337,1126.3695,1127.6337,1126.3695,-0.3356
2017-05-04,1123.8412,1104.8787,1123.8412,1104.8787,-1.9080000000000001
2017-05-05,1104.8787,1090.9729,1104.8787,1090.9729,-1.2586000000000002
2017-05-08,1087.1804,1083.3879,1087.1804,1083.3879,-0.6952
2017-05-09,1082.1238,1092.2371,1082.1238,1092.2371,0.8168000000000001
2017-05-10,1090.9729,1096.0296,1090.9729,1096.0296,0.3472
2017-05-11,1093.5013000000001,1099.8221,1093.5013000000001,1099.8221,0.34600000000000003
2017-05-12,1097.2937,1125.1053,1097.2937,1125.1053,2.2989
2017-05-15,1123.8412,1120.0487,1123.8412,1120.0487,-0.4494
2017-05-16,1117.5204,1117.5204,1117.5204,1117.5204,-0.2257
2017-05-17,1113.7279,1108.6712,1113.7279,1108.6712,-0.7919
2017-05-18,1102.3504,1103.6146,1102.3504,1103.6146,-0.4561
2017-05-19,1104.8787,1098.5579,1104.8787,1098.5579,-0.4582
2017-05-22,1097.2937,1097.2937,1097.2937,1097.2937,-0.11510000000000001
2017-05-23,1096.0296,1111.1995,1096.0296,1111.1995,1.2673
2017-05-24,1109.9354,1113.7279,1109.9354,1113.7279,0.2275
2017-05-25,1111.1995,1150.3886,1111.1995,1150.3886,3.2917
2017-05-26,1147.8603,1150.3886,1147.8603,1150.3886,0.0
2017-05-31,1150.3886,1163.0302000000001,1150.3886,1163.0302000000001,1.0989
2017-06-01,1163.0302000000001,1161.7661,1163.0302000000001,1161.7661,-0.1087
2017-06-02,1160.5019,1159.2377000000001,1160.5019,1159.2377000000001,-0.21760000000000002
2017-06-05,1154.1811,1141.5395,1154.1811,1141.5395,-1.5267000000000002
2017-06-06,1139.0111,1142.8036,1139.0111,1142.8036,0.1107
2017-06-07,1140.2753,1154.1811,1140.2753,1154.1811,0.9956
2017-06-08,1151.6528,1154.1811,1151.6528,1154.1811,0.0
2017-06-09,1156.7094,1156.7094,1156.7094,1156.7094,0.21910000000000002
2017-06-12,1156.7094,1151.6528,1156.7094,1151.6528,-0.43720000000000003
2017-06-13,1151.6528,1152.9169000000002,1151.6528,1152.9169000000002,0.10980000000000001
2017-06-14,1152.9169000000002,1147.8603,1152.9169000000002,1147.8603,-0.43860000000000005
2017-06-15,1147.8603,1142.8036,1147.8603,1142.8036,-0.4405
2017-06-16,1142.8036,1140.2753,1142.8036,1140.2753,-0.2212
2017-06-19,1141.5395,1154.1811,1141.5395,1154.1811,1.2195
2017-06-20,1152.9169000000002,1152.9169000000002,1152.9169000000002,1152.9169000000002,-0.1095
2017-06-21,1159.2377000000001,1156.7094,1159.2377000000001,1156.7094,0.3289
2017-06-22,1156.7094,1169.3511,1156.7094,1169.3511,1.0929
2017-06-23,1166.8227000000002,1169.3511,1166.8227000000002,1169.3511,0.0
2017-06-26,1170.6152,1175.6719,1170.6152,1175.6719,0.5405
2017-06-27,1175.6719,1183.2568,1175.6719,1183.2568,0.6452
2017-06-28,1181.9927,1192.106,1181.9927,1192.106,0.7479
2017-06-29,1192.106,1192.106,1192.106,1192.106,0.0
2017-06-30,1188.3135,1187.0493000000001,1188.3135,1187.0493000000001,-0.4242
2017-07-03,1188.3135,1188.3135,1188.3135,1188.3135,0.10650000000000001
2017-07-04,1188.3135,1180.7285000000002,1188.3135,1180.7285000000002,-0.6383
2017-07-05,1174.4077,1184.521,1174.4077,1184.521,0.32120000000000004
2017-07-06,1183.2568,1188.3135,1183.2568,1188.3135,0.32020000000000004
2017-07-07,1184.521,1197.1626,1184.521,1197.1626,0.7447
2017-07-10,1194.6343000000002,1212.3326,1194.6343000000002,1212.3326,1.2672
2017-07-11,1214.8609000000001,1295.7674,1214.8609000000001,1295.7674,6.8822
2017-07-12,1298.2957000000001,1307.1449,1298.2957000000001,1307.1449,0.878
2017-07-13,1302.0882000000001,1377.938,1302.0882000000001,1377.938,5.415900000000001
2017-07-14,1366.5605,1377.938,1366.5605,1377.938,0.0
2017-07-17,1384.2588,1366.5605,1384.2588,1366.5605,-0.8257
2017-07-18,1358.9755,1396.9004,1358.9755,1396.9004,2.2202
2017-07-19,1389.3155000000002,1401.9571,1389.3155000000002,1401.9571,0.36200000000000004
2017-07-20,1400.6929,1386.7871,1400.6929,1386.7871,-1.0821
2017-07-21,1389.0954000000002,1396.7912000000001,1389.0954000000002,1396.7912000000001,0.7401
2017-07-24,1387.8127000000002,1404.487,1387.8127000000002,1404.487,0.551
2017-07-25,1408.3349,1410.9002,1408.3349,1410.9002,0.4566
2017-07-26,1400.6391,1377.5516,1400.6391,1377.5516,-2.3636
2017-07-27,1374.9863,1358.3121,1374.9863,1358.3121,-1.3966
2017-07-28,1360.8773,1377.5516,1360.8773,1377.5516,1.4164
2017-07-31,1385.2474,1368.5732,1385.2474,1368.5732,-0.6518
2017-08-01,1364.7253,1416.0307,1364.7253,1416.0307,3.4677000000000002
2017-08-02,1417.3134,1430.1397000000002,1417.3134,1430.1397000000002,0.9964000000000001
2017-08-03,1428.8571000000002,1412.1828,1428.8571000000002,1412.1828,-1.2556
2017-08-04,1410.9002,1432.7050000000002,1410.9002,1432.7050000000002,1.4532
2017-08-07,1418.596,1410.9002,1418.596,1410.9002,-1.5219
2017-08-08,1410.9002,1417.3134,1410.9002,1417.3134,0.4545
2017-08-09,1405.7696,1376.269,1405.7696,1376.269,-2.8959
2017-08-10,1372.4211,1362.16,1372.4211,1362.16,-1.0252000000000001
2017-08-11,1344.2031000000002,1285.2018,1344.2031000000002,1285.2018,-5.6497
2017-08-14,1299.3108,1310.8545000000001,1299.3108,1310.8545000000001,1.996
2017-08-15,1313.4198000000001,1322.3983,1313.4198000000001,1322.3983,0.8806
2017-08-16,1319.833,1326.2462,1319.833,1326.2462,0.29100000000000004
2017-08-17,1327.5288,1336.5073,1327.5288,1336.5073,0.7737
2017-08-18,1328.8114,1339.0725,1328.8114,1339.0725,0.19190000000000002
2017-08-21,1337.7899,1341.6378,1337.7899,1341.6378,0.19160000000000002
2017-08-22,1344.2031000000002,1366.0079,1344.2031000000002,1366.0079,1.8164
2017-08-23,1363.4426,1398.0738000000001,1363.4426,1398.0738000000001,2.3474
2017-08-24,1396.7912000000001,1401.9217,1396.7912000000001,1401.9217,0.2752
2017-08-25,1403.2044,1425.0092,1403.2044,1425.0092,1.6468
2017-08-28,1423.7265,1455.7925,1423.7265,1455.7925,2.1602
2017-08-29,1449.3793,1496.8368,1449.3793,1496.8368,2.8194000000000004
2017-08-30,1498.1195,1466.0535,1498.1195,1466.0535,-2.0566
2017-08-31,1460.923,1446.814,1460.923,1446.814,-1.3123
2017-09-01,1446.814,1437.8355000000001,1446.814,1437.8355000000001,-0.6206
2017-09-04,1433.9876000000002,1503.25,1433.9876000000002,1503.25,4.5495
2017-09-05,1498.1195,1492.9889,1498.1195,1492.9889,-0.6826
2017-09-06,1486.5757,1500.6847,1486.5757,1500.6847,0.5155000000000001
2017-09-07,1494.2715,1467.3362,1494.2715,1467.3362,-2.2222
2017-09-08,1469.9015000000002,1473.7494000000002,1469.9015000000002,1473.7494000000002,0.43710000000000004
2017-09-11,1480.1625000000001,1459.6404,1480.1625000000001,1459.6404,-0.9574
2017-09-12,1459.6404,1480.1625000000001,1459.6404,1480.1625000000001,1.4060000000000001
2017-09-13,1473.7494000000002,1466.0535,1473.7494000000002,1466.0535,-0.9532
2017-09-14,1466.0535,1451.9445,1466.0535,1451.9445,-0.9624
2017-09-15,1448.0966,1448.0966,1448.0966,1448.0966,-0.265
2017-09-18,1442.9661,1442.9661,1442.9661,1442.9661,-0.3543
2017-09-19,1442.9661,1427.5744,1442.9661,1427.5744,-1.0667
2017-09-20,1428.8571000000002,1448.0966,1428.8571000000002,1448.0966,1.4376
2017-09-21,1444.2487,1469.9015000000002,1444.2487,1469.9015000000002,1.5058
2017-09-22,1466.0535,1467.3362,1466.0535,1467.3362,-0.17450000000000002
2017-09-25,1467.3362,1448.0966,1467.3362,1448.0966,-1.3112000000000001
2017-09-26,1444.2487,1417.3134,1444.2487,1417.3134,-2.1258
2017-09-27,1412.1828,1401.9217,1412.1828,1401.9217,-1.086
2017-09-28,1408.3349,1395.5085000000001,1408.3349,1395.5085000000001,-0.4575
2017-09-29,1400.6391,1425.0092,1400.6391,1425.0092,2.1140000000000003
2017-10-09,1484.0105,1449.3793,1484.0105,1449.3793,1.7102000000000002
2017-10-10,1453.2272,1471.1841000000002,1453.2272,1471.1841000000002,1.5044000000000002
2017-10-11,1472.4667000000002,1478.8799000000001,1472.4667000000002,1478.8799000000001,0.5231
2017-10-12,1480.1625000000001,1481.4452,1480.1625000000001,1481.4452,0.17350000000000002
2017-10-13,1482.7278000000001,1457.0751,1482.7278000000001,1457.0751,-1.645
2017-10-16,1457.0751,1486.5757,1457.0751,1486.5757,2.0246
2017-10-17,1490.4236,1476.3146000000002,1490.4236,1476.3146000000002,-0.6903
2017-10-18,1478.8799000000001,1499.4021,1478.8799000000001,1499.4021,1.5639
2017-10-19,1492.9889,1491.7063,1492.9889,1491.7063,-0.5133
2017-10-20,1486.5757,1472.4667000000002,1486.5757,1472.4667000000002,-1.2898
2017-10-23,1460.923,1435.2703000000001,1460.923,1435.2703000000001,-2.5261
2017-10-24,1436.5529000000001,1460.923,1436.5529000000001,1460.923,1.7873
2017-10-25,1457.0751,1445.5314,1457.0751,1445.5314,-1.0536
2017-10-26,1442.9661,1433.9876000000002,1442.9661,1433.9876000000002,-0.7986000000000001
2017-10-27,1435.2703000000001,1482.7278000000001,1435.2703000000001,1482.7278000000001,3.3989000000000003
2017-10-30,1481.4452,1482.7278000000001,1481.4452,1482.7278000000001,0.0
2017-10-31,1481.4452,1480.1625000000001,1481.4452,1480.1625000000001,-0.17300000000000001
2017-11-01,1482.7278000000001,1462.2056,1482.7278000000001,1462.2056,-1.2132
2017-11-02,1457.0751,1480.1625000000001,1457.0751,1480.1625000000001,1.2281
2017-11-03,1473.7494000000002,1460.923,1473.7494000000002,1460.923,-1.2998
2017-11-06,1464.7709,1446.814,1464.7709,1446.814,-0.9658
2017-11-07,1445.5314,1528.9027,1445.5314,1528.9027,5.6738
2017-11-08,1539.1638,1555.8381000000002,1539.1638,1555.8381000000002,1.7617
2017-11-09,1564.8166,1581.4908,1564.8166,1581.4908,1.6488
2017-11-10,1586.6214,1577.6429,1586.6214,1577.6429,-0.24330000000000002
2017-11-13,1584.0561,1654.6011,1584.0561,1654.6011,4.878
2017-11-14,1661.0143,1661.0143,1661.0143,1661.0143,0.3876
2017-11-15,1654.6011,1654.6011,1654.6011,1654.6011,-0.3861
2017-11-16,1654.6011,1680.2538000000002,1654.6011,1680.2538000000002,1.5504
2017-11-17,1689.2323000000001,1690.5149000000001,1689.2323000000001,1690.5149000000001,0.6107
2017-11-20,1684.1018000000001,1827.757,1684.1018000000001,1827.757,8.118400000000001
2017-11-21,1804.6696000000002,1853.4098000000001,1804.6696000000002,1853.4098000000001,1.4035
2017-11-22,1857.2577,1936.7811000000002,1857.2577,1936.7811000000002,4.4983
2017-11-23,1943.1943,1840.5834,1943.1943,1840.5834,-4.9669
2017-11-24,1832.8876,1867.5188,1832.8876,1867.5188,1.4634
2017-11-27,1834.1702,1786.7127,1834.1702,1786.7127,-4.3269
2017-11-28,1776.4516,1757.212,1776.4516,1757.212,-1.6511
2017-11-29,1761.0599000000002,1772.6037000000001,1761.0599000000002,1772.6037000000001,0.8759
2017-11-30,1757.212,1716.1677000000002,1757.212,1716.1677000000002,-3.1838
2017-12-01,1718.7329,1667.4275,1718.7329,1667.4275,-2.8401
2017-12-04,1673.8407,1705.9066,1673.8407,1705.9066,2.3077
2017-12-05,1686.6670000000001,1705.9066,1686.6670000000001,1705.9066,0.0
2017-12-06,1700.776,1677.6886000000002,1700.776,1677.6886000000002,-1.6541000000000001
2017-12-07,1673.8407,1645.6227000000001,1673.8407,1645.6227000000001,-1.9113
2017-12-08,1653.3185,1678.9712000000002,1653.3185,1678.9712000000002,2.0265
2017-12-11,1677.6886000000002,1731.5593000000001,1677.6886000000002,1731.5593000000001,3.1322
2017-12-12,1718.7329,1669.9927,1718.7329,1669.9927,-3.5556
2017-12-13,1667.4275,1684.1018000000001,1667.4275,1684.1018000000001,0.8449000000000001
2017-12-14,1686.6670000000001,1667.4275,1686.6670000000001,1667.4275,-0.9901000000000001
2017-12-15,1654.6011,1631.5137,1654.6011,1631.5137,-2.1538
2017-12-18,1632.7963,1635.3616000000002,1632.7963,1635.3616000000002,0.2358
2017-12-19,1640.4921000000002,1703.3413,1640.4921000000002,1703.3413,4.1569
2017-12-20,1693.0802,1700.776,1693.0802,1700.776,-0.1506
2017-12-21,1690.5149000000001,1736.6898,1690.5149000000001,1736.6898,2.1116
2017-12-22,1731.5593000000001,1734.1246,1731.5593000000001,1734.1246,-0.1477
2017-12-25,1734.1246,1699.4934,1734.1246,1699.4934,-1.997
2017-12-26,1700.776,1752.0815,1700.776,1752.0815,3.0943
2017-12-27,1741.8204,1704.6239,1741.8204,1704.6239,-2.7086
2017-12-28,1703.3413,1694.3628,1703.3413,1694.3628,-0.602
2017-12-29,1694.3628,1705.9066,1694.3628,1705.9066,0.6813
2018-01-02,1712.3198,1757.212,1712.3198,1757.212,3.0075000000000003
2018-01-03,1761.0599000000002,1709.7545,1761.0599000000002,1709.7545,-2.7007000000000003
2018-01-04,1708.4718,1699.4934,1708.4718,1699.4934,-0.6002000000000001
2018-01-05,1694.3628,1705.9066,1694.3628,1705.9066,0.3774
2018-01-08,1699.4934,1662.2969,1699.4934,1662.2969,-2.5564
2018-01-09,1662.2969,1677.6886000000002,1662.2969,1677.6886000000002,0.9259000000000001
2018-01-10,1672.558,1727.7114000000001,1672.558,1727.7114000000001,2.9817
2018-01-11,1720.0156000000002,1718.7329,1720.0156000000002,1718.7329,-0.5197
2018-01-12,1725.1461000000002,1737.9725,1725.1461000000002,1737.9725,1.1194
2018-01-15,1732.8419000000001,1821.3439,1732.8419000000001,1821.3439,4.797000000000001
2018-01-16,1817.4959000000001,1821.3439,1817.4959000000001,1821.3439,0.0
2018-01-17,1838.0181,1825.1918,1838.0181,1825.1918,0.21130000000000002
2018-01-18,1846.9966000000002,1888.0410000000002,1846.9966000000002,1888.0410000000002,3.4434
2018-01-19,1898.3020000000001,1898.3020000000001,1898.3020000000001,1898.3020000000001,0.5435
2018-01-22,1872.6493,1852.1271000000002,1872.6493,1852.1271000000002,-2.4324
2018-01-23,1841.866,1879.0625,1841.866,1879.0625,1.4543000000000001
2018-01-24,1880.3451,1877.7799,1880.3451,1877.7799,-0.0683
2018-01-25,1853.4098000000001,1821.3439,1853.4098000000001,1821.3439,-3.0055
2018-01-26,1818.7786,1802.1043000000002,1818.7786,1802.1043000000002,-1.0563
2018-01-29,1802.1043000000002,1762.3426000000002,1802.1043000000002,1762.3426000000002,-2.2064
2018-01-30,1757.212,1750.7988,1757.212,1750.7988,-0.655
2018-01-31,1744.3857,1802.1043000000002,1744.3857,1802.1043000000002,2.9304
2018-02-01,1789.2779,1799.539,1789.2779,1799.539,-0.1423
2018-02-02,1784.1474,1802.1043000000002,1784.1474,1802.1043000000002,0.1426
2018-02-05,1770.0384000000001,1866.2361,1770.0384000000001,1866.2361,3.5587
2018-02-06,1825.1918,1795.6911,1825.1918,1795.6911,-3.7801
2018-02-07,1823.9091,1657.1664,1823.9091,1657.1664,-7.714300000000001
2018-02-08,1645.6227000000001,1608.4262,1645.6227000000001,1608.4262,-2.9412000000000003
2018-02-09,1549.4249,1499.4021,1549.4249,1499.4021,-6.778300000000001
2018-02-12,1510.9458,1503.25,1510.9458,1503.25,0.2566
2018-02-13,1522.4895000000001,1531.468,1522.4895000000001,1531.468,1.8771
2018-02-14,1534.0333,1539.1638,1534.0333,1539.1638,0.5025000000000001
2018-02-22,1571.2297,1598.1651000000002,1571.2297,1598.1651000000002,3.8333000000000004
2018-02-23,1613.5567,1617.4047,1613.5567,1617.4047,1.2039
2018-02-26,1637.9268000000002,1619.9699,1637.9268000000002,1619.9699,0.15860000000000002
2018-02-27,1621.2526,1575.0776,1621.2526,1575.0776,-2.7712000000000003
2018-02-28,1551.9902000000002,1545.577,1551.9902000000002,1545.577,-1.873
2018-03-01,1528.9027,1544.2944,1528.9027,1544.2944,-0.083
2018-03-02,1528.9027,1532.7506,1528.9027,1532.7506,-0.7475
2018-03-05,1530.1854,1521.2069000000001,1530.1854,1521.2069000000001,-0.7531
2018-03-06,1532.7506,1551.9902000000002,1532.7506,1551.9902000000002,2.0236
2018-03-07,1558.4034000000001,1545.577,1558.4034000000001,1545.577,-0.4132
2018-03-08,1545.577,1553.2728,1545.577,1553.2728,0.4979
2018-03-09,1558.4034000000001,1550.7076000000002,1558.4034000000001,1550.7076000000002,-0.1652
2018-03-12,1558.4034000000001,1543.0117,1558.4034000000001,1543.0117,-0.4963
2018-03-13,1544.2944,1541.7291,1544.2944,1541.7291,-0.08310000000000001
2018-03-14,1536.5986,1528.9027,1536.5986,1528.9027,-0.8319000000000001
2018-03-15,1512.2285000000002,1501.9674,1512.2285000000002,1501.9674,-1.7617
2018-03-16,1503.25,1492.9889,1503.25,1492.9889,-0.5978
2018-03-19,1495.5542,1517.3590000000002,1495.5542,1517.3590000000002,1.6323
2018-03-20,1505.8153,1516.0764000000001,1505.8153,1516.0764000000001,-0.0845
2018-03-21,1532.7506,1526.3375,1532.7506,1526.3375,0.6768000000000001
2018-03-22,1526.3375,1495.5542,1526.3375,1495.5542,-2.0168
2018-03-23,1442.9661,1454.5098,1442.9661,1454.5098,-2.7444
2018-03-26,1430.1397000000002,1401.9217,1430.1397000000002,1401.9217,-3.6155000000000004
2018-03-27,1423.7265,1403.2044,1423.7265,1403.2044,0.0915
2018-03-28,1391.6606000000002,1396.7912000000001,1391.6606000000002,1396.7912000000001,-0.457
2018-03-29,1400.6391,1417.3134,1400.6391,1417.3134,1.4692
2018-03-30,1416.0307,1398.0738000000001,1416.0307,1398.0738000000001,-1.3575000000000002
2018-04-02,1394.2259000000001,1373.7037,-1.7431,110931600,1200911984.0
2018-04-03,1359.5947,1354.4642000000001,-1.4006,89074600,942237808.0
2018-04-04,1369.8558,1394.2259000000001,2.9356,160248900,1737258896.0
2018-04-09,1385.2474,1413.4654,1.3799000000000001,107479600,1180084368.0
2018-04-10,1413.4654,1464.7709,3.6298000000000004,139095100,1562265088.0
2018-04-11,1460.923,1517.3590000000002,3.5902000000000003,209597000,2458982160.0
2018-04-12,1513.5111000000002,1477.5973000000001,-2.6205000000000003,117312800,1364675856.0
2018-04-13,1492.9889,1484.0105,0.434,130025600,1516155520.0
2018-04-16,1471.1841000000002,1423.7265,-4.0622,142707300,1593706080.0
2018-04-17,1426.2918,1437.8355000000001,0.991,130189200,1468159344.0
2018-04-18,1468.6188,1475.0320000000002,2.587,147584500,1692722928.0
2018-04-19,1477.5973000000001,1471.1841000000002,-0.2609,84913200,979593568.0
2018-04-20,1476.3146000000002,1455.7925,-1.0462,95869100,1090801312.0
2018-04-23,1449.3793,1484.0105,1.9383000000000001,107028900,1228544000.0
2018-04-24,1491.7063,1521.2069000000001,2.5065,146109900,1725152192.0
2018-04-25,1508.3805,1498.1195,-1.5177,73028600,854713248.0
2018-04-26,1495.5542,1464.7709,-2.226,87423600,1002483152.0
2018-04-27,1473.7494000000002,1391.6606000000002,-4.9912,270979600,2958464272.0
2018-05-02,1407.0523,1395.5085000000001,0.2765,119052300,1295804416.0
2018-05-03,1392.9433000000001,1378.8343,-1.1949,128135600,1372765840.0
2018-05-04,1376.269,1369.8558,-0.6512,71051000,761302464.0
2018-05-07,1372.4211,1386.5301000000002,1.2172,97431000,1046743104.0
